3    100        0000        0010      100000        0000        00        0000        00        00     -1000     -1000
3    200        0010     1300010     4000000        0000        00     7000010     15000    280000     58000    338000
3    300        0010      500010      500010    20000000        00        0000        00     80000    200000    280000
3    400        0010      400010     3385000        0000        00     3000000        00     80000       150     80150
3    500        0010      320000        0000        0000        00     3000000        00     63000     33200     96200
3    600        0000        0010     3000000        0000        00     4000100        00    130000     10001    140001
3    700        0010    10682000        0010   150000010     38000      500010     36000   2500000   1685820   4185820
3    800        0000        0000        0000        0000        00     3000000        00        00     30000     30000
3    900        0010    20000000        0000        0000        00      300010      2000        00    205000    205000
3   1000        0010    25000000        0000        0000        00    10000000        00        00    350000    350000
3   1100        0000        0000        0000        0000        00        0000        00        00        00        00
3   1210    30000010     5000000        0000        0000        00        0000        00     18000    350000    368000
3   1300        0010      450010       50000        0000        00     2400000        00        00     28000     28000
3   1400        0010    20000000        0000        0010    100000     8000000        00    480000    380000    860000
3   1500        0010    50000000        0000        0000        00     1500010     60000   1050000    575000   1625000
3   1610    30000010     3000010      529000        0000        00     4000000        00    470000    364710    834710
3   1700        0010    11000010     5000000        0000        00     7000000        00    252000    130000    382000
3   1800        0010    85000010       50000        0010     32000    10000000        00    850000    981500   1831500
3   1900        0010     2000010     2300010    30000010     10800     4500010     50001    520000    402801    922801
3   2000        0010     5000000        0010    50000000        00     2000000        00   1220000    570000   1790000
3   2100        0010     2000000        0000        0000        00     1000000        00        00     30000     30000
3   2210      100010     4200010      300010    18000010     30000     6500000        00    230000    315000    545000
3   2300        0010        5100        0000        0000        00      500110     40001        00     45051     45051
3   2400        0010     1000110     1200100        0000        00     8000010    600001    500000    678001   1178001
3   2500        0010     3250000        0000        0000        00    13000000        00    245000    162500    407500
3   2600        0010      300010     1000000        0000        00    10000000        00    110000     93000    203000
3   2700        0010     3200000        0000        0000        00     2800000        00    450000     60000    510000
3   2800        0000        0010     2500000        0000        00      800000        00        00    -17000    -17000
3   2900        0010     2000010     7000000        0010      3000     2000000        00    850000    -27000    823000
3   3000        0010     1000010      700000        0010     20000    11200010    500001   1210000    635001   1845001
3   3100        0010    30000000        0000        0010    100000     2000000        00   1250000    420000   1670000
3   3200        0010      200010     1500000        0000        00     2000000        00        00      7000      7000
3   3300        0010      168010     2000000        0000        00     5000000        00   2750000     31680   2781680
3   3400        0010       10010     5000000        0000        00      400000        00        00    -45900    -45900
3   3500        0010     2400010     3800000        0000        00        0000        00        00    -14000    -14000
3   3600        0010      150010     1200000        0000        00     4000000        00    260000     29500    289500
3   3700        0010     5000010     4000000        0010     22001     9400010      2001    200000    128001    328001
3   3800        0010    12000010     2000010   130000100        00    11000000        00    540000   1510001   2050001
3   3900        0010    17000000        0000        0010    200001    17900000        00    315000    549001    864001
3   4000        0010     4000010     5600000        0000        00    15000010     25000    330000    159000    489000
3   4100        0010     2000010      160010    20000000        00      200010     60000    250000    280400    530400
3   4200        0000        0000        0000        0000        00        0000        00        00        00        00
3   4300        0010     1800010     1500000        0000        00        0000        00        00      3000      3000
3   4410    20400000        0000        0000        0000        00     1500000        00        00    219000    219000
3   4500        0010     1500010     4148000        0000        00     3000000        00        00      3520      3520
3   4600        0010    30000010    15500010    60000010    250000    12000010    100000    920000   1215000   2135000
3   4700        0010     1500010      600010    35000000        00     4000100        00    360000    399001    759001
3   4800        0010     3000010     2500000        0010    180001     1800010    240000    900000    443001   1343001
3   4900        0010    15000000        0000        0000        00     9000010    100001    621000    340001    961001
3   5000        0010     1500010     1000000        0000        00     2500000        00        00     30000     30000
3   5100        0010     2250000        0000        0010    100000    30000000        00    300000    422500    722500
3   5200        0010     2000010     2500000        0010    150000     5000000        00    150000    195000    345000
3   5300        0010      200000        0000        0000        00     2000000        00        00     22000     22000
3   5400        0000        0000        0000        0000        00     1200000        00        00     12000     12000
3   5500        0010   130000000        0010    51000010     40000    44000000        00    100000   2290000   2390000
3   5600        0000        0000        0010    23000000        00        0000        00    300000    230000    530000
3   5700        0000        0000        0000        0000        00        0000        00        00        00        00
3   5800        0010   100000100        0010    79000010      2000     6500010     10000    520000   1867001   2387001
3   5900        0010   100000000        0010    30000010    100000     3000000        00    150000   1430000   1580000
3   6000        0010      300100        0000        0010    100001     8000000        00    650000    183001    833001
3   6100        0000        0010     5000000        0000        00     6000000        00        00     10000     10000
3   6200        0010      500010     1800000        0000        00      700000        00    180000     -6000    174000
3   6300        0010    10000000        0000        0010    220000     1000000        00    700000    330000   1030000
3   6400        0010       10000        0000        0000        00     5000000        00        00     50100     50100
3   6500        0010      700010     1500000        0000        00     5500000        00   1020000     47000   1067000
3   6610    20000010    12000010    15000010   180000000        00    35000010    530000    230000   2850000   3080000
3   6710    30000010     1000010    10000000        0000        00     9000000        00    600000    300000    900000
3   6800        0010     5000000        0000        0010    250000    30000000        00    260000    600000    860000
3   6900        0010    20000000        0010   150000100        00    12000010    100000    700000   1920001   2620001
3   7000        0010     4000100        0000        0000        00     6400100        00    180000    104001    284001
3   7100        0000        0010    35000000        0000        00      800010      2000        00   -340000   -340000
3   7200        0010        5010      700000        0000        00      200000        00        00     -4950     -4950
3   7300        0010     5000010     7500000        0000        00     8000000        00    200000     55000    255000
3   7400        0010     1500010     1100000        0000        00     6000010    250000        00    314000    314000
3   7500        0000        0010      100000        0000        00      500000        00        00      4000      4000
3   7610    20000010     8000000        0010     3000000        00     4000000        00    230000    350000    580000
3   7700        0000        0010      900000        0000        00        0000        00        00     -9000     -9000
3   7800        0000        0010       37000        0000        00      100000        00        00       630       630
3   7900        0010     2000000        0000        0000        00     8000010     10000    190000    110000    300000
3   8000        0000        0000        0000        0000        00     3000000        00    150000     30000    180000
3   8100        0010     4000010     1000000        0000        00     3500010     10000    200000     75000    275000
3   8210     2000010    10000000        0010    15000000        00     9000010      8501    355000    368501    723501
3   8300        0000        0000        0000        0000        00        0000        00        00        00        00
3   8400        0010      800010     1000000        0000        00        0010     20000     60000     18000     78000
3   8500        0010     2000010     2000000        0000        00     8000000        00     50000     80000    130000
3   8600        0010      100010     1500000        0000        00     3500000        00    170000     21000    191000
3   8700        0010        1010      600000        0000        00        0000        00        00     -5990     -5990
3   8800        0010      108100        0000        0000        00     6000000        00        00     61081     61081
3   8900        0010    20000100        0000        0000        00        0000        00        00    200001    200001
3   9000        0010    10000100        0010    20000000        00     3000000        00    400000    330001    730001
3   9100        0010       80100        0000        0010    200001        0000        00    750000    200801    950801
3   9200        0000        0000        0000        0000        00      200000        00        00      2000      2000
3   9300        0010    93000010     1000010    52000000        00     4000010     30000    430000   1510000   1940000
3   9400        0010      180010     1500000        0010     40000     3700000        00        00     63800     63800
3   9500        0010     9000000        0000        0000        00     2000010     30000        00    140000    140000
3   9600        0010    25000000        0010    90000000        00     4000000        00    250000   1190000   1440000
3   9700        0010    50000000        0000        0010      6000    12000010    200000    450000    826000   1276000
3   9800        0010     6000000        0000        0000        00   105000000        00    450000   1110000   1560000
3   9900        0010    11000000        0000        0000        00      500000        00    300000    115000    415000
3  10010    10000010     6800010     4000000        0010      7500     9000100        00    330000    225501    555501
3  10100        0010     3300010      800000        0000        00        0010     45001        00     70001     70001
3  10200        0010      900010    10900000        0000        00        0000        00    376000   -100000    276000
3  10300        0010       42010      600000        0000        00        0000        00        00     -5580     -5580
3  10400        0010     5000010      500010    18000000        00     5000000        00    150000    275000    425000
3  10500        0010    20000000        0000        0010     40000     7000110     13000    750000    323001   1073001
3  10600        0010    30000010    11000000        0000        00     2000000        00   1050000    210000   1260000
3  10700        0010      300000        0000        0000        00     2600000        00        00     29000     29000
3  10800        0010     9000000        0010    12000010    250001     8000010     40000    650000    580001   1230001
3  10900        0010      800010     1500000        0010      1400     5000000        00    190000     44400    234400
3  11000        0010    14200000        0000        0010     20001        0000        00    170000    162001    332001
3  11100        0010    30000000        0000        0000        00     8000000        00    400000    380000    780000
3  11200        0010     1400100        0000        0000        00     2000000        00    350000     34001    384001
3  11300        0000        0000        0000        0000        00        0000        00        00        00        00
3  11400        0000        0000        0000        0000        00        0000        00        00        00        00
3  11500        0010    15000100        0000        0000        00     3000010     50001    850000    230001   1080001
3  11600        0010   382000100        0010    40000000        00     5000000        00    450000   4270001   4720001
3  11700        0010      500100        0000        0000        00      900010   1000001    800000   1014001   1814001
3  11800        0010    40000100        0000        0010   3000001     2000010   1250001    550000   4670001   5220001
3  11900        0010       15010      200000        0000        00      600000        00        00      4150      4150
3  12000        0000        0000        0000        0000        00        0000        00    140000        00    140000
3  12100        0010      800010       37010    30000000        00     2000000        00    700000    327630   1027630
3  12200        0010      350010     5500000        0000        00     3500000        00        00    -16500    -16500
3  12300        0010     4200000        0010     9000000        00     3000000        00        00    162000    162000
3  12400        0000        0000        0000        0000        00     5000100        00    100000     50001    150001
3  12500        0000        0000        0000        0000        00        0000        00    324080        00    324080
3  12600        0000        0010      500000        0000        00        0000        00     20000     -5000     15000
3  12700        0010       20010     3000010     2000010     54000     6000010     60001        00    164201    164201
3  12800        0010     3975010     3180010    19875010     27830    19875010    159000    333900    592280    926180
3  12900        0000        0010      400000        0000        00     3400000        00        00     30000     30000
3  13010    50000010    50000000        0000        0010   1000000    14000010    100000   1000000   2240000   3240000
3  13100        0010    12000110     3000000        0000        00    32000000        00    900000    410001   1310001
3  13200        0010     1500000        0000        0010    400000    10000000        00        00    515000    515000
3  13300        0000        0010     4000000        0010      5000     8000000        00        00     45000     45000
3  13400        0010       25010     1074000        0000        00      243000        00        00     -8060     -8060
3  13500        0010     8116010      633000        0000        00    26783000        00    446380    342660    789040
3  13600        0000        0010     1430000        0000        00        0000        00    200000    -14300    185700
3  13700        0000        0000        0000        0000        00        0000        00        00        00        00
3  13810    50000110    78000000        0000        0000        00     7000010     30000    650000   1380001   2030001
3  13900        0010     8341000        0000        0000        00        0010      5001        00     88411     88411
3  14000        0010    28000000        0010    10000000        00     7000010    130000    489000    580000   1069000
3  14100        0000        0000        0000        0000        00     1000000        00     20000     10000     30000
3  14210   500000110    45000000        0000        0010    250001     2000010     13000        00   5733001   5733001
3  14300        0000        0000        0000        0000        00        0000        00        00        00        00
3  14400        0010     9000010     6000000        0000        00    10000000        00    450000    130000    580000
3  14500        0000        0000        0000        0000        00      700000        00        00      7000      7000
3  14600        0010     2200010      120000        0010    250000    20000010    450001    470000    920801   1390801
3  14700        0000        0010     2900000        0000        00      900000        00        00    -20000    -20000
3  14800        0010     3500000        0000        0000        00     5000000        00    875000     85000    960000
3  14900        0010      300010     1000000        0000        00     2700010      8000        00     28000     28000
3  15000        0010    10000010    12000010    40000010     60000     8000010     30000   1408650    550000   1958650
3  15100        0010    10000100        0000        0000        00     1000000        00        00    110001    110001
3  15200        0000        0010     4000000        0000        00        0000        00    575000    -40000    535000
3  15300        0000        0000        0000        0000        00        0000        00        00        00        00
3  15400        0000        0010     1000000        0000        00        0000        00        00    -10000    -10000
3  15500        0010      500000        0000        0000        00        0000        00    150000      5000    155000
3  15600        0000        0000        0000        0000        00      350000        00        00      3500      3500
3  15700        0010       10100        0000        0000        00     5000000        00    220000     50101    270101
3  15800        0010     7000110     3000100        0000        00     7500100        00    380000    115001    495001
3  15900        0010    30000010     2000000        0010     15000     8000010     25000    293000    400000    693000
3  16010    75000010     9000010      600010    40000010    100001    18000000        00    830000   1514001   2344001
3  16100        0010    10000000        0000        0000        00     9500000        00    600000    195000    795000
3  16200        0000        0000        0000        0000        00     3000000        00        00     30000     30000
3  16300        0010     2000000        0000        0000        00     8500100        00    400000    105001    505001
3  16410   150000110    20000100        0000        0000        00      150110    350001    667860   2051501   2719361
3  16500        0010     2000010    10000000        0010   1500000     3000000        00    450000   1450000   1900000
3  16600        0000        0000        0000        0000        00        0000        00        00        00        00
3  16700        0000        0000        0000        0000        00        0000        00        00        00        00
3  16800        0010      250000        0000        0000        00        0000        00        00      2500      2500
3  16900        0000        0000        0000        0000        00        0000        00        00        00        00
3  17000        0010      800010     2000000        0010      5000     4000000        00    450000     33000    483000
3  17100        0010    27000010      150000        0000        00    20000010     70000    890000    538500   1428500
3  17200        0010     2000010     1000000        0000        00     1000000        00    100000     20000    120000
3  17300        0010     4000010     2000000        0000        00     9000000        00    240000    110000    350000
3  17400        0010     2300000        0000        0010     10000     4000000        00     80000     73000    153000
3  17500        0010    48000100        0010    35000100        00        0000        00    750000    830001   1580001
3  17600        0010     3000010     1000000        0010   1700000     9000010    800000   3010000   2610000   5620000
3  17700        0000        0010     3500000        0000        00     7500000        00        00     40000     40000
3  17800        0010     7100000        0000        0010     39900     2000000        00        00    130900    130900
3  17900        0000        0010     1000010    65000000        00    23000000        00   1740000    870000   2610000
3  18000        0010   120000000        0010     7000000        00    20000000        00   1800000   1470000   3270000
3  18100        0010     4000010      200000        0000        00     7500000        00    550000    113000    663000
3  18200        0010     6000000        0000        0000        00     4000000        00    500000    100000    600000
3  18300        0010    38000000        0000        0010     15000     3000010     13001    275000    438001    713001
3  18400        0010     5000000        0010   200000010     30000     4000000        00    770000   2120000   2890000
3  18510    12500010     1000010     7000000        0010     60000    12000010     10000    850000    255000   1105000
3  18610     3000010     3000010     4000000        0010    100000     3000000        00     90000    150000    240000
3  18700        0010      175010     8000000        0000        00      200000        00        00    -76250    -76250
3  18800        0010     2500010      500010     5475000        00     5000010     50000    660000    174750    834750
3  18900        0000        0010     3000000        0000        00        0000        00        00    -30000    -30000
3  19000        0010    15000010      300000        0010    150000    27000010    300000   1690500    867000   2557500
3  19100        0000        0010     5000000        0000        00        0000        00        00    -50000    -50000
3  19200        0010     3000010     2000000        0000        00     3000000        00     60000     40000    100000
3  19300        0010     2000000        0000        0000        00    24240010       500    330000    262900    592900
3  19400        0010      500010     6900000        0010     35000     3000000        00    450000      1000    451000
3  19500        0010    14600010    15000000        0010    600000     4300000        00    222000    639000    861000
3  19600        0010    35000110      500000        0010     20001      200010      7500    310000    374501    684501
3  19700        0010    10000010     2000000        0000        00     7000010     50000    500000    200000    700000
3  19800        0010      500010     1200000        0000        00     4000000        00    120000     33000    153000
3  19900        0010     6000000        0010     6000010    300000     2000010    200000    120000    640000    760000
3  20000        0000        0000        0000        0000        00        0000        00        00        00        00
